9 
-0.4 0.0 
-0.283 0.283 
0.0 0.4 
0.283 0.283 
0.4 0.0 
0.283 -0.283 
0.0 -0.4 
-0.283 -0.283 
-0.4 0.0 
9 
-1.6 0.0 
-1.131 1.131
0.0	1.6
1.131 1.131
1.6	0.0
1.131 -1.131
0.0 -1.6
-1.131 -1.131
-1.6 0.0
13
-0.4	0.0
-0.375 0.416
-0.3 0.825
-0.174 1.221
0.0 1.6
0.174 1.221
0.3 0.825
0.375 0.416
0.4 0.0
0.283 -0.283
0.0 -0.4
-0.283 -0.283
-0.4 0.0
13
-0.481 0.215 
-0.518 0.6 
-0.481 0.983
-0.369 1.354
0.0 1.6
0.369 1.354 
 0.481  0.983
 0.518  0.6  
 0.481  0.215
 0.369 -0.154
 0.0 -0.4
 -0.369 -0.154 
 -0.481  0.215
 13
  -0.373  0.0 
  -0.266  0.828
  -0.069 1.37
  0.0  1.6 
 0.069 1.37
 0.266 0.828
 0.373 0.0 
 0.266 -0.828
 0.069 -1.37 
 0.0 -1.6 
 -0.069 -1.37 
 -0.266 -0.828
 -0.373 0.0 
 15
  -0.438 
  0.195
  -0.277 
  0.916
  -0.182 
  1.19
 -0.102
 1.387 
 0.0   
 1.6  
 0.102 
 1.387
 0.182 
 1.19 
 0.277  
 0.916
 0.438 
 0.195 
 0.477 
 -0.543 
 0.393 
 -1.278
 0.0   
 -1.6
 -0.393 
 -1.278
 -0.477
 -0.543
 -0.438
 0.195
 13
  -0.64  
 0.0 
  -0.571
  0.689
  -0.369 
 1.354
 0.0   
 1.6
 0.369
  1.354
 0.571
  0.689
 0.64
  0.0 
 0.571
  -0.689
 0.369 
 -1.354
 0.0   
 -1.6 
 -0.369
  -1.354
 -0.571 
 -0.689
 -0.64 
   0.0
    
 9  
  -0.266 
 0.82
  0.0   
 1.6 
  0.122 
 0.988
 0.468 
 0.468
 0.988 
 0.122
 1.6   
 0.0
 0.82 
 -0.266
 0.066 
 0.066
 -0.266
  0.82

 15
  -0.386 
 0.589
  -0.386 
 1.303
  0.0   
 1.6
 0.283
 1.483
 0.4   
 1.2
 0.461
  0.894
 0.635 
 0.635
 0.894 
 0.461
 1.2  
 0.4
 1.483  
 0.283
 1.6     
 0.0
 1.303 
 -0.386
 0.589
 -0.386
 -0.029 
 -0.029
 -0.386
  0.589
 12 
  -0.082 
 0.186
  -0.289 
 0.884
  0.0   
 1.6
 0.1   
 1.14
 0.351 
 0.751
 0.74  
 0.5
 1.2   
 0.4
 1.483 
 0.283
 1.6   
 0.0
 1.278 
 -0.393
 0.467  
 -0.294
 -0.082  
 0.186
 12 
  -1.6   
 0.0
  -1.483 
 0.283
  -1.2   
 0.4
 -0.74 
  0.5
 -0.351
  0.751
 -0.1  
  1.14
 0.0   
 1.6
 0.289 
 0.884
 0.082 
 0.186
 -0.467
  -0.294
 -1.278 
 -0.393
 -1.6   
  0.0
 9  
  -0.245 
  0.781
  0.0   
 1.6
  0.075 
 0.846
 0.294 
 0.122
 0.651 
 -0.546
 1.131 
 -1.131
 0.385 
 -0.733
 -0.108
  -0.051
 -0.245
  0.781

 17
  -0.427 
  0.573
  -0.393 
 1.278
  -0.283
  1.483
 0.0   
 1.6
 0.283  
 1.483
 0.393  
 1.122
 0.373  
 0.652
 0.487  
 0.198
 0.727 
 -0.203
 1.071
 -0.516
 1.248 
 -0.848
 1.131 
 -1.131
 0.85  
 -1.25
 0.626
  -1.181
 0.106 
 -0.713
 -0.256
  -0.11
 -0.427 
 0.573
 13
  -0.123  
 0.149
  -0.167 
 0.883
  0.0   
 1.6
 0.054 
 0.983
 0.257  
 0.401
 0.605 
 -0.111
 1.071 
 -0.516
 1.216
 -0.848
 1.131 
 -1.131
 0.85  
 -1.25
 0.57  
 -1.131
 0.13 
 -0.542
 -0.123 
 0.149
 13 
  -0.605 
 -0.111
  -0.257 
 0.401
  -0.054
 0.983
 0.0   
 1.6
 0.167  
 0.883
 0.123 
  0.149
 -0.13  
 -0.542
 -0.57  
 -1.131
 -0.85  
 -1.25
 -1.131 
 -1.131
 -1.216 
 -0.848
 -1.071 
 -0.516
 -0.605 
 -0.111
 15 
  -0.533 
 0.0
  -0.397 
 0.843
  -0.176 
 1.333
 0.0   
 1.6
 0.122 
 0.988
 0.468 
 0.468
 0.988 
 0.122
 1.6   
 0.0
 0.988 
 -0.122
 0.468 
 -0.468
 0.122 
 -0.988
 0.0   
 -1.6
 -0.176
  -1.333
 -0.397 
 -0.843
 -0.533  
 0.0
 19
  -0.533 
 0.0
  -0.397 
 0.843
  -0.176 
 1.333
 0.0   
 1.6
 0.1   
 1.14
 0.351 
 0.751
 0.74  
 0.5
 1.2  
 0.4
 1.483 
  0.283
 1.6   
 0.0
 1.483
 -0.283
 1.2   
 -0.4
 0.74  
 -0.5
 0.351 
 -0.751
 0.1   
 -1.14
 0.0   
 -1.6
 -0.176 
 -1.333
 -0.397 
 -0.843
 -0.533 
  0.0
 17 
  -0.575 
 0.172
  -0.381 
 0.923
  -0.212 
 1.273
 0.0   
 1.6
 0.122 
 0.988
 0.468 
 0.468
 0.988 
 0.122
 1.6   
 0.0
 1.14  
 -0.092
 0.752 
 -0.352
 0.492 
 -0.74
 0.4  
 -1.2
 0.283 
 -1.483
 0.0   
 -1.6
 -0.369 
 -1.354
 -0.571
 -0.605
 -0.575 
  0.172

 17 
  -0.571
 0.605
  -0.369 
 1.354
  0.0   
 1.6
 0.283 
 1.483
 0.4  
 1.2
 0.492 
 0.74
 0.752 
 0.352
 1.14  
 0.092
 1.6   
 0.0
 0.988 
 -0.122
 0.468 
 -0.468
 0.122 
 -0.988
 0.0  
 -1.6
 -0.212 
 -1.273
 -0.381 
 -0.923
 -0.575 
 -0.172
 -0.571 
  0.605
 21 
  -0.575
 0.172
  -0.381 
 0.923
  -0.212 
 1.273
 0.0   
 1.6
 0.1   
 1.14
 0.351 
 0.751
 0.74  
 0.5
 1.2   
 0.4 
 1.483  
 0.283
 1.6    
 0.0
 1.483 
 -0.283
 1.2   
 -0.4
 0.894 
 -0.461
 0.635 
 -0.635
 0.461 
 -0.894
 0.4   
 -1.2
 0.283 
 -1.483
 0.0   
 -1.6
 -0.369 
 -1.354
 -0.571 
 -0.605
 -0.575 
 0.172

 21 
  -0.571 
 0.605
  -0.369 
 1.354
  0.0   
 1.6
 0.283 
 1.483
 0.4   
 1.2
 0.461 
 0.894
 0.635 
 0.635
 0.894 
 0.461
 1.2    
 0.4
 1.483  
 0.283
 1.6    
 0.0
 1.483 
 -0.283
 1.2   
 -0.4
 0.74  
 -0.5
 0.351
 -0.751
 0.1   
 -1.14
 0.0   
 -1.6
 -0.212 
 -1.273
 -0.381 
 -0.923
 -0.575 
 -0.172
 -0.571 
 0.605

 19 
  -0.64  
 0.0
  -0.571 
 0.689
  -0.369 
 1.354
 0.0   
 1.6
 0.283 
 1.483
 0.4   
 1.2
 0.492 
 0.74
 0.752
  0.352
 1.14 
 0.092
 1.6    
 0.0
 1.14  
 -0.092
 0.752 
 -0.352
 0.492 
 -0.74
 0.4   
 -1.2
 0.283 
 -1.483
 0.0   
 -1.6
 -0.369 
 -1.354
 -0.571 
 -0.689
 -0.64 
  0.0
 23
  -0.64 
 0.0
  -0.571 
 0.689
  -0.369 
 1.354
 0.0  
 1.6
 0.283 
 1.483
 0.4  
 1.2
 0.461 
 0.894
 0.635 
 0.635
 0.894
 0.461
 1.2   
 0.4
 1.483  
 0.283
 1.6   
 0.0
 1.483
 -0.283
 1.2 
  -0.4
 0.894
  -0.461
 0.635
 -0.635
 0.461 
 -0.894
 0.4   
 -1.2
 0.283 
 -1.483
 0.0  
 -1.6
 -0.369 
 -1.354
 -0.571
 -0.689
 -0.64  
 0.0
 13 
  -0.294
 0.122
  -0.075 
 0.846
  0.0 
 1.6
 0.075 
 0.846
 0.294 
 0.122
 0.651
 -0.546
 1.131
 -1.131
 0.612
 -0.785
 0.0 
 -0.663
 -0.612 
 -0.785
 -1.131 
 -1.131
 -0.651 
 -0.546
 -0.294 
  0.122
 17 
  -0.467 
 0.102
  -0.35 
 0.505
  -0.393 
 1.122
 -0.283 
 1.483
 0.0 
 1.6
 0.283 
 1.483
 0.393  
 1.122
 0.35   
 0.505
 0.467
 -0.102
 0.751 
 -0.688
 1.131
 -1.131
 0.612
 -0.785
 0.0
 -0.663
 -0.612 
 -0.785
 -1.131 
 -1.131
 -0.751 
 -0.688
 -0.467  
 0.102
 17 
  -0.294 
 0.122
  -0.075 
 0.846
  0.0 
 1.6
 0.054
 0.983
 0.257
 0.401
 0.605
  -0.111
 1.071
 -0.516
 1.248
 -0.848
 1.131
 -1.131
 0.85 
 -1.25
 0.57
 -1.131
 0.179 
 -0.871
 -0.282 
 -0.78
 -0.742 
 -0.871
 -1.131 
 -1.131
 -0.651 
 -0.546
 -0.294 
 0.122
 17 
  -0.257
 0.401
  -0.054
 0.983
  0.0 
 1.6
 0.075
 0.846
 0.294
 0.122
 0.651
 -0.546
 1.131
 -1.131
 0.742
 -0.871
 0.282
 -0.78
 -0.179 
 -0.871
 -0.571 
 -1.131
 -0.85 
 -1.25
 -1.131 
 -1.131
 -1.248
 -0.848
 -1.071 
 -0.516
 -0.605 
 -0.111
 -0.257 
  0.401
 21 
  -0.257 
 0.401
  -0.054 
 0.983
  0.0 
 1.6
 0.054 
 0.983
 0.257 
 0.401
 0.605 
 -0.111
 1.071 
 -0.516
 1.248
 -0.848
 1.131
 -1.131
 0.85
 -1.25
 0.57 
 -1.131
 0.308
 -0.957
 0.0
 -0.896
 -0.308
  -0.957
 -0.57 
 -1.131
 -0.85
 -1.25
 -1.131
 -1.131
 -1.248
 -0.848
 -1.071
 -0.516
 -0.605 
 -0.111
 -0.257
  0.401
 21 
  -0.487 
 0.198
  -0.373 
 0.652
  -0.393
 1.122
 -0.283 
 1.483
 0.0
 1.6
 0.283  
 1.483
 0.393  
 1.122
 0.35  
 0.505
 0.467
 -0.102
 0.751
 -0.688
 1.131
 -1.131
 0.742
 -0.871
 0.282
 -0.78
 -0.179
  -0.871
 -0.571
 -1.131
 -0.85 
 -1.25
 -1.131
 -1.131
 -1.248
 -0.848
 -1.071
 -0.516
 -0.727
  -0.203
 -0.487 
  0.198
 21 
  -0.467 
 0.102
  -0.35 
 0.505
  -0.393
  1.122
 -0.283 
 1.483
 0.0  
 1.6
 0.283  
 1.483
 0.393  
 1.122
 0.373  
 0.652
 0.487 
 0.198
 0.727 
 -0.203
 1.071 
 -0.516
 1.248
 -0.848
 1.131 
 -1.131
 0.85 
 -1.25
 0.57  
 -1.131
 0.179
 -0.871
 -0.282 
 -0.78
 -0.742
 -0.871
 -1.131 
 -1.131
 -0.751 
 -0.688
 -0.467 
  0.102
 25 
  -0.487 
 0.198
  -0.373 
 0.652
  -0.393 
 1.122
 -0.283 
 1.483
 0.0 
 1.6
 0.283  
 1.483
 0.393 
 1.122
 0.373 
  0.652
 0.487
  0.198
 0.727
 -0.203
 1.071
 -0.516
 1.248
 -0.848
 1.131
 -1.131
 0.85
 -1.25
 0.57
 -1.131
 0.308
 -0.957
 0.0
 -0.896
 -0.308 
 -0.957
 -0.57 
 -1.131
 -0.85
 -1.25
 -1.131
 -1.131
 -1.248
 -0.848
 -1.071 
 -0.516
 -0.727
 -0.203
 -0.487 
 0.198
 17 
  -1.6 
 0.0
  -0.988 
 0.122
  -0.468 
 0.468
 -0.122 
 0.988
 0.0 
 1.6
 0.122
 0.988
 0.468
 0.468
 0.988 
 0.122
 1.6 
 0.0
 0.988
 -0.122
 0.468
 -0.468
 0.122
 -0.988
 0.0
 -1.6
 -0.122
 -0.988
 -0.468 
 -0.468
 -0.988 
 -0.122
 -1.6   
  0.0
 21
  -1.6 
 0.0
  -0.988
 0.122
  -0.468 
 0.468
 -0.122
 0.988
 0.0  
 1.6
 0.122 
 0.988
 0.468 
 0.468
 0.988 
 0.122
 1.6  
 0.0
 1.14 
 -0.1
 0.751 
 -0.351
 0.5   
 -0.74
 0.4   
 -1.2
 0.283 
 -1.483
 0.0   
 -1.6
 -0.283 
 -1.483
 -0.4  
 -1.2
 -0.5 
 -0.74
 -0.751
 -0.351
 -1.14  
 -0.1
 -1.6  
  0.0
 25 
  -1.6 
 0.0
  -1.483 
 0.283
  -1.2   
 0.4
 -0.74  
 0.5
 -0.351 
 0.751
 -0.1   
 1.14
 0.0  
 1.6
 0.1   
 1.14
 0.351 
 0.751
 0.74  
 0.5
 1.2   
 0.4
 1.483
  0.283
 1.6   
  0.0
 1.483
 -0.283
 1.2   
 -0.4
 0.74  
 -0.5
 0.351 
 -0.751
 0.1 
 -1.14
 0.0   
 -1.6
 -0.1  
  -1.14
 -0.351
  -0.751
 -0.74 
  -0.5
 -1.2   
 -0.4
 -1.483 
 -0.283
 -1.6 
 0.0
 25 
  -1.6 
 0.0
  -0.988 
 0.122
  -0.468 
 0.468
 -0.122 
 0.988
 0.0 
 1.6
 0.1  
 1.14
 0.351 
 0.751
 0.74  
 0.5
 1.2 
 0.4
 1.483  
 0.283
 1.6    
 0.0
 1.483 
 -0.283
 1.2  
 -0.4
 0.894 
 -0.461
 0.635 
 -0.635
 0.461 
 -0.894
 0.4   
 -1.2
 0.283 
 -1.483
 0.0   
 -1.6
 -0.283 
 -1.483
 -0.4   
 -1.2
 -0.5   
 -0.74
 -0.751 
 -0.351
 -1.14  
 -0.1
 -1.6   
 0.0
 29
  -1.6
 0.0
  -1.483 
 0.283
  -1.2 
  0.4
 -0.894 
 0.461
 -0.635
 0.635
 -0.461 
 0.894
 -0.4  
 1.2
 -0.283 
 1.483
 0.0  
 1.6
 0.283 
 1.483
 0.4    
 1.2
 0.461  
 0.894
 0.635
 0.635
 0.894 
  0.461
 1.2   
  0.4
 1.483
  0.283
 1.6   
  0.0
 1.483 
 -0.283
 1.2   
 -0.4
 0.74  
 -0.5
 0.351 
 -0.751
 0.1  
  -1.14
 0.0   
 -1.6
 -0.1  
  -1.14
 -0.351
  -0.751
 -0.74  
 -0.5
 -1.2 
 -0.4
 -1.483 
 -0.283
 -1.6  
  0.0
 33 
  -1.6 
 0.0
  -1.483 
 0.283
  -1.2   
 0.4
 -0.894
 0.461
 -0.635 
 0.635
 -0.461
  0.894
 -0.4
  1.2 
 -0.283 
 1.483
 0.0   
 1.6 
 0.283 
  1.483
 0.4 
  1.2 
 0.461
   0.894
 0.635 
 0.635
 0.894 
  0.461
 1.2   
  0.4 
 1.483
   0.283
 1.6  
   0.0 
 1.483
  -0.283
 1.2 
   -0.4 
 0.894 
 -0.461
 0.635 
 -0.635
 0.461
  -0.894
  0.4  
  -1.2 
 0.283 
 -1.483 
 0.0  
  -1.6 
 -0.283
  -1.483
 -0.4 
 -1.2
 -0.461 
 -0.894
 -0.635 
 -0.635 
 -0.894 
 -0.461
 -1.2 
 -0.4 
 -1.483 
 -0.283
 -1.6
  0.0
 13 
  -0.571 
 0.605
    0.0   
 1.6
  1.131   
 1.131
 1.6    
 0.0
   1.2   
 -0.4
 0.74  
 -0.5
 0.351
 -0.751
 0.1   
 -1.14
 0.0   
 -1.6
 -0.212 
 -1.273
 -0.381 
 -0.923
 -0.575 
 -0.172
 -0.571 
 0.605
 13 
  -0.575
 0.172
  -0.381 
 0.923
  -0.212 
 1.273
 0.0   
 1.6
 0.1   
 1.14
 0.351 
 0.751
 0.74  
 0.5
 1.2   
 0.4 
  1.6    
 0.0
 1.131   
 -1.131
 0.0   
 -1.6
   -0.571 
 -0.605
 -0.575 
 0.172
 13 
  -0.257 
 0.401
  -0.054 
 0.983
  0.0 
 1.6
 0.054 
 0.983
 0.257 
 0.401
 0.605 
 -0.111
 1.071 
 -0.516
   1.131
 -1.131
 0.0
 -1.6
 -1.131
 -1.131
   -1.071
 -0.516
 -0.605 
 -0.111
 -0.257
  0.401
 15
  -0.64 
 0.0
  -0.571 
 0.689
    0.0  
 1.6
 1.131 
 1.131
 1.6   
 0.0
  1.2 
  -0.4
 0.894
  -0.461
 0.635
 -0.635
 0.461 
 -0.894
 0.4   
 -1.2
 0.283 
 -1.483
 0.0  
 -1.6
 -0.369 
 -1.354
 -0.571
 -0.689
 -0.64  
 0.0
 15
  -0.64 
 0.0
  -0.571 
 0.689
  -0.369 
 1.354
 0.0  
 1.6
 0.283 
 1.483
 0.4  
 1.2
 0.461 
 0.894
 0.635 
 0.635
 0.894
 0.461
 1.2   
 0.4
  1.6   
 0.0
 1.131
 -1.131
 0.0  
 -1.6
  -0.571
 -0.689
 -0.64  
 0.0
 17 
  -0.487 
 0.198
  -0.373 
 0.652
  -0.393 
 1.122
 -0.283 
 1.483
 0.0 
 1.6
 0.283  
 1.483
 0.393 
 1.122
 0.373 
  0.652
 0.487
  0.198
 0.727
 -0.203
 1.071
 -0.516
   1.131
 -1.131
 0.0
 -1.6
 -1.131
 -1.131
  -1.071 
 -0.516
 -0.727
 -0.203
 -0.487 
 0.198
 25 
  -1.6 
 0.0
   -1.2   
 0.4
  -0.894
 0.461
 -0.635 
 0.635
 -0.461
  0.894
 -0.4
  1.2 
 -0.283 
 1.483
 0.0   
 1.6 
 0.283 
  1.483
 0.4 
  1.2 
 0.461
   0.894
 0.635 
 0.635
 0.894 
  0.461
 1.2   
  0.4 
 1.483
   0.283
 1.6  
   0.0 
 1.483
  -0.283
 1.2 
   -0.4 
 0.894 
 -0.461
 0.635 
 -0.635
 0.461
  -0.894
  0.4  
  -1.2 
   0.0  
  -1.6 
 -1.131
  -1.131
 -1.6
  0.0
 17 
  -1.6 
 0.0
    -1.2   
 0.4
  -0.894
 0.461
 -0.635 
 0.635
 -0.461
 0.894
 -0.4
 1.2 
   0.0   
 1.6 
 1.131 
  1.131
 1.6
 0.0
   1.2
 -0.4 
 0.894
 -0.461
 0.635
 -0.635
 0.461
 -0.894
 0.4
 -1.2
   0.0
 -1.6 
 -1.131
 -1.131
 -1.6
 0.0
 13 
  -1.6 
 0.0
    -1.2   
 0.4
  -0.894
 0.461
 -0.635 
 0.635
 -0.461
 0.894
 -0.4
 1.2 
   0.0   
 1.6 
 1.131 
  1.131
 1.6
 0.0
 1.131
 -1.131
 0.0
 -1.6 
 -1.131
 -1.131
 -1.6
 0.0
 19 
  -1.6 
 0.0
    -1.2   
 0.4
  -0.894
 0.461
 -0.635 
 0.635
 -0.461
 0.894
 -0.4
 1.2 
 -0.283 
 1.483
 0.0   
 1.6 
 0.283 
 1.483
 0.4 
 1.2 
 0.461
 0.894
 0.635 
 0.635
 0.894
 0.461
 1.2 
 0.4 
   1.6
 0.0
 1.131
 -1.131
 0.0
 -1.6 
 -1.131
 -1.131
 -1.6
  0.0
 21
  -1.6
 0.0
  -1.131 
 1.131
  0.0  
 1.6
   0.4    
 1.2
 0.461  
 0.894
 0.635
 0.635
 0.894 
  0.461
 1.2   
  0.4
 1.483
  0.283
 1.6   
  0.0
 1.483 
 -0.283
 1.2   
 -0.4
 0.74  
 -0.5
 0.351 
 -0.751
 0.1  
  -1.14
 0.0   
 -1.6
 -0.1  
  -1.14
 -0.351
  -0.751
 -0.74  
 -0.5
 -1.2 
 -0.4
   -1.6  
  0.0
 21
  -1.6
 0.0
  -1.483 
 0.283
  -1.2 
  0.4
 -0.894 
 0.461
 -0.635
 0.635
 -0.461 
 0.894
 -0.4  
 1.2
  0.0  
 1.6
 1.131 
 1.131
 1.6   
  0.0
   1.2   
 -0.4
 0.74  
 -0.5
 0.351 
 -0.751
 0.1  
  -1.14
 0.0   
 -1.6
 -0.1  
  -1.14
 -0.351
  -0.751
 -0.74  
 -0.5
 -1.2 
 -0.4
 -1.483 
 -0.283
 -1.6  
  0.0
 15
  -1.6
 0.0
  -1.131 
 1.131
  0.0  
 1.6
 1.131 
 1.131
 1.6   
  0.0
   1.2   
 -0.4
 0.74  
 -0.5
 0.351 
 -0.751
 0.1  
  -1.14
 0.0   
 -1.6
 -0.1  
  -1.14
 -0.351
  -0.751
 -0.74  
 -0.5
 -1.2 
 -0.4
   -1.6  
  0.0
 17 
  -1.6 
 0.0
  -0.988 
 0.122
   -0.468 
 0.468
 -0.122 
 0.988
 0.0 
 1.6
 0.1  
 1.14
 0.351 
 0.751
 0.74  
 0.5
 1.2 
 0.4
  1.6    
 0.0
 1.131 
 -1.131
 0.0   
 -1.6
   -0.4   
 -1.2
 -0.5   
 -0.74
 -0.751 
 -0.351
 -1.14  
 -0.1
 -1.6   
 0.0